﻿"success","trial_type","trial_index","time_elapsed","internal_node_id","view_history","rt","stimulus","response","question_order","group","featureMatrix","attentionStimuli","attentionChoice","attentionCheck","mushroom1","mushroom2","mushroom3","feature","value"
"true","fullscreen","0","2766","0.0-0.0","","","","","","","","","","","","","","",""
"","instructions","1","9343","0.0-1.0","[{""page_index"":0,""viewing_time"":1760},{""page_index"":1,""viewing_time"":3064},{""page_index"":2,""viewing_time"":1752}]","6576","","","","","","","","","","","","",""
"","html-button-response","2","11095","0.0-2.0","","1751","
    <div class=""consent-container"" style=""width: 80%; margin: 0 auto; text-align: left;"">
        <h2 style=""text-align:center"">受试者声明</h2>
            <p style=""font-weight:bold"">本人确认：</p>
            <ol>
                <li>我已阅读并理解以上内容。</li>
                <li>我的参与是自愿的，可以随时退出研究而不会受到任何惩罚。</li>
                <li>我不会放弃任何法律权利，也不会使相关研究人员免于因疏忽而导致的法律责任。</li>
                <li>我同意成为本研究的参与者。</li>
            </ol>
            <p>若您需要重新阅读知情同意书，请刷新网页后重新进入。</p>
            <p>若您不同意参与这项研究，直接关闭本网页即可退出。</p>
            <p style=""font-weight:bold"">若您同意参与这项研究，请点击以下按钮，即表示您自愿签署这份知情同意书。</p>
            <div style=""text-align: center; margin: 30px 0;"">
            </div>
        </div>
    </div>
    ","0","","","","","","","","","","",""
"","html-button-response","3","12111","0.0-3.0","","1015","<img src=""asset/img/fungal-forest.jpg"" class=""fullscreen-image""><h1 class=""st"" style=""color:#FFF1AC;margin-bottom:15px"">欢迎来到真菌森林</h1>","0","","","","","","","","","","",""
"","instructions","4","213287","0.0-4.0-0.0","[{""page_index"":0,""viewing_time"":17511},{""page_index"":1,""viewing_time"":7072},{""page_index"":2,""viewing_time"":79704},{""page_index"":3,""viewing_time"":49560},{""page_index"":4,""viewing_time"":6032},{""page_index"":5,""viewing_time"":36208},{""page_index"":6,""viewing_time"":5089}]","201176","","","","","","","","","","","","",""
"","survey-multi-choice","5","268288","0.0-4.0-1.0","","54999","","{""Q0"":""给游客讲讲蘑菇的特征"",""Q1"":""它们可以吃"",""Q2"":""中间的蘑菇是最好的""}","[0,1,2]","","","","","","","","","",""
"","survey-multi-choice","6","286104","0.0-4.0-2.0","","17815","","{""Q0"":""3"",""Q1"":""-3"",""Q2"":""0""}","[0,1,2]","","","","","","","","","",""
"","survey-multi-choice","7","308960","0.0-4.0-3.0","","22855","","{""Q0"":""1"",""Q1"":""0"",""Q2"":""-1""}","[0,1,2]","","","","","","","","","",""
"","survey-multi-choice","8","335376","0.0-4.0-4.0","","26415","","{""Q0"":""3"",""Q1"":""3"",""Q2"":""-5"",""Q3"":""5""}","[0,1,2,3]","","","","","","","","","",""
"","survey-multi-choice","9","358689","0.0-4.0-5.0","","23311","","{""Q0"":""3"",""Q1"":""-4"",""Q2"":""1""}","[0,1,2]","","","","","","","","","",""
"","instructions","10","423927","0.0-4.1-0.1","[{""page_index"":0,""viewing_time"":6085},{""page_index"":1,""viewing_time"":1744},{""page_index"":2,""viewing_time"":3112},{""page_index"":1,""viewing_time"":3648},{""page_index"":2,""viewing_time"":3921},{""page_index"":3,""viewing_time"":5831},{""page_index"":4,""viewing_time"":2600},{""page_index"":5,""viewing_time"":29688},{""page_index"":6,""viewing_time"":8608}]","65238","","","","","","","","","","","","",""
"","survey-multi-choice","11","446240","0.0-4.1-1.1","","22311","","{""Q0"":""给游客讲讲蘑菇的特征"",""Q1"":""它们可以吃"",""Q2"":""斑点价值0分""}","[0,1,2]","","","","","","","","","",""
"","survey-multi-choice","12","459912","0.0-4.1-2.1","","13671","","{""Q0"":""3"",""Q1"":""-3"",""Q2"":""0""}","[0,1,2]","","","","","","","","","",""
"","survey-multi-choice","13","481960","0.0-4.1-3.1","","22047","","{""Q0"":""1"",""Q1"":""0"",""Q2"":""-1""}","[0,1,2]","","","","","","","","","",""
"","survey-multi-choice","14","525488","0.0-4.1-4.1","","43527","","{""Q0"":""3"",""Q1"":""1"",""Q2"":""-5"",""Q3"":""5""}","[0,1,2,3]","","","","","","","","","",""
"","survey-multi-choice","15","548113","0.0-4.1-5.1","","22623","","{""Q0"":""3"",""Q1"":""-4"",""Q2"":""1""}","[0,1,2]","","","","","","","","","",""
"","html-button-response","16","550344","0.0-5.0","","2229","
    <div class=""break-container"">
        <p class=""break-message"">🎉太棒了</p>
        <p class=""break-message"">你通过了所有的测验，获得了导游资格证🎫</p>
        <p class=""break-message"">现在，点击下方按钮，正式开始接待游客</p>
    </div>
    ","0","","unbias","[{""绿"":-2},{""红"":2},{""蓝"":0},{""斑点"":0},{""条纹"":1},{""纯色"":-1},{""绿_A1"":-3},{""红_A1"":1},{""蓝_A1"":-1},{""斑点_A1"":-1},{""条纹_A1"":0},{""纯色_A1"":-2},{""绿_A2"":-1},{""红_A2"":3},{""蓝_A2"":1},{""斑点_A2"":1},{""条纹_A2"":2},{""纯色_A2"":0}]","","","","","","","",""
"","survey-multi-choice","17","558689","0.0-6.0","","8344","","{""Q0"":""B""}","[0]","","","B","B","pass","","","","",""
"","survey-html-form","18","614352","0.0-7.0","","55661","","{""feature"":""蓝色"",""value"":""1""}","","","","","","","{""msr"":""Red-Spotted"",""color"":""red"",""type"":""spotted"",""value_A1"":0,""value_A2"":4}","{""msr"":""Blue-Solid"",""color"":""blue"",""type"":""solid"",""value_A1"":-3,""value_A2"":1}","{""msr"":""Blue-Spotted"",""color"":""blue"",""type"":""spotted"",""value_A1"":-2,""value_A2"":2}","蓝色","1"
"","survey-html-form","19","624960","0.0-8.0","","10606","","{""feature"":""斑点"",""value"":""1""}","","","","","","","{""msr"":""Blue-Solid"",""color"":""blue"",""type"":""solid"",""value_A1"":-3,""value_A2"":1}","{""msr"":""Blue-Spotted"",""color"":""blue"",""type"":""spotted"",""value_A1"":-2,""value_A2"":2}","{""msr"":""Green-Spotted"",""color"":""green"",""type"":""spotted"",""value_A1"":-4,""value_A2"":0}","斑点","1"
"","survey-html-form","20","632088","0.0-9.0","","7126","","{""feature"":""蓝色"",""value"":""1""}","","","","","","","{""msr"":""Blue-Solid"",""color"":""blue"",""type"":""solid"",""value_A1"":-3,""value_A2"":1}","{""msr"":""Blue-Spotted"",""color"":""blue"",""type"":""spotted"",""value_A1"":-2,""value_A2"":2}","{""msr"":""Red-Solid"",""color"":""red"",""type"":""solid"",""value_A1"":-1,""value_A2"":3}","蓝色","1"
"","survey-html-form","21","645928","0.0-10.0","","13838","","{""feature"":""条纹"",""value"":""2""}","","","","","","","{""msr"":""Green-Solid"",""color"":""green"",""type"":""solid"",""value_A1"":-5,""value_A2"":-1}","{""msr"":""Green-Striped"",""color"":""green"",""type"":""striped"",""value_A1"":-3,""value_A2"":1}","{""msr"":""Green-Spotted"",""color"":""green"",""type"":""spotted"",""value_A1"":-4,""value_A2"":0}","条纹","2"
"","survey-html-form","22","655648","0.0-11.0","","9718","","{""feature"":""条纹"",""value"":""2""}","","","","","","","{""msr"":""Red-Striped"",""color"":""red"",""type"":""striped"",""value_A1"":1,""value_A2"":5}","{""msr"":""Red-Spotted"",""color"":""red"",""type"":""spotted"",""value_A1"":0,""value_A2"":4}","{""msr"":""Blue-Striped"",""color"":""blue"",""type"":""striped"",""value_A1"":-1,""value_A2"":3}","条纹","2"
"","survey-html-form","23","665176","0.0-12.0","","9526","","{""feature"":""绿色"",""value"":""-1""}","","","","","","","{""msr"":""Red-Striped"",""color"":""red"",""type"":""striped"",""value_A1"":1,""value_A2"":5}","{""msr"":""Green-Solid"",""color"":""green"",""type"":""solid"",""value_A1"":-5,""value_A2"":-1}","{""msr"":""Green-Spotted"",""color"":""green"",""type"":""spotted"",""value_A1"":-4,""value_A2"":0}","绿色","-1"
"","survey-multi-choice","24","667448","0.0-13.0","","2272","","{""Q0"":""O""}","[0]","","","O","O","pass","","","","",""
"","survey-html-form","25","676784","0.0-14.0","","9334","","{""feature"":""绿色"",""value"":""-1""}","","","","","","","{""msr"":""Green-Striped"",""color"":""green"",""type"":""striped"",""value_A1"":-3,""value_A2"":1}","{""msr"":""Red-Solid"",""color"":""red"",""type"":""solid"",""value_A1"":-1,""value_A2"":3}","{""msr"":""Green-Spotted"",""color"":""green"",""type"":""spotted"",""value_A1"":-4,""value_A2"":0}","绿色","-1"
"","survey-html-form","26","689696","0.0-15.0","","12910","","{""feature"":""条纹"",""value"":""2""}","","","","","","","{""msr"":""Red-Striped"",""color"":""red"",""type"":""striped"",""value_A1"":1,""value_A2"":5}","{""msr"":""Blue-Striped"",""color"":""blue"",""type"":""striped"",""value_A1"":-1,""value_A2"":3}","{""msr"":""Green-Striped"",""color"":""green"",""type"":""striped"",""value_A1"":-3,""value_A2"":1}","条纹","2"
"","survey-multi-choice","27","692000","0.0-16.0","","2303","","{""Q0"":""K""}","[0]","","","K","K","pass","","","","",""
"","survey-html-form","28","699888","0.0-17.0","","7886","","{""feature"":""红色"",""value"":""3""}","","","","","","","{""msr"":""Red-Striped"",""color"":""red"",""type"":""striped"",""value_A1"":1,""value_A2"":5}","{""msr"":""Red-Spotted"",""color"":""red"",""type"":""spotted"",""value_A1"":0,""value_A2"":4}","{""msr"":""Green-Spotted"",""color"":""green"",""type"":""spotted"",""value_A1"":-4,""value_A2"":0}","红色","3"
"","survey-multi-choice","29","702096","0.0-18.0","","2208","","{""Q0"":""R""}","[0]","","","R","R","pass","","","","",""
"","survey-html-form","30","709808","0.0-19.0","","7710","","{""feature"":""蓝色"",""value"":""1""}","","","","","","","{""msr"":""Blue-Striped"",""color"":""blue"",""type"":""striped"",""value_A1"":-1,""value_A2"":3}","{""msr"":""Blue-Solid"",""color"":""blue"",""type"":""solid"",""value_A1"":-3,""value_A2"":1}","{""msr"":""Blue-Spotted"",""color"":""blue"",""type"":""spotted"",""value_A1"":-2,""value_A2"":2}","蓝色","1"
"","survey-html-form","31","715896","0.0-20.0","","6086","","{""feature"":""蓝色"",""value"":""1""}","","","","","","","{""msr"":""Red-Spotted"",""color"":""red"",""type"":""spotted"",""value_A1"":0,""value_A2"":4}","{""msr"":""Blue-Striped"",""color"":""blue"",""type"":""striped"",""value_A1"":-1,""value_A2"":3}","{""msr"":""Blue-Solid"",""color"":""blue"",""type"":""solid"",""value_A1"":-3,""value_A2"":1}","蓝色","1"
"","survey-html-form","32","727120","0.0-21.0","","11222","","{""feature"":""蓝色"",""value"":""1""}","","","","","","","{""msr"":""Blue-Striped"",""color"":""blue"",""type"":""striped"",""value_A1"":-1,""value_A2"":3}","{""msr"":""Blue-Solid"",""color"":""blue"",""type"":""solid"",""value_A1"":-3,""value_A2"":1}","{""msr"":""Green-Spotted"",""color"":""green"",""type"":""spotted"",""value_A1"":-4,""value_A2"":0}","蓝色","1"
"","survey-html-form","33","733704","0.0-22.0","","6582","","{""feature"":""绿色"",""value"":""-1""}","","","","","","","{""msr"":""Red-Spotted"",""color"":""red"",""type"":""spotted"",""value_A1"":0,""value_A2"":4}","{""msr"":""Green-Striped"",""color"":""green"",""type"":""striped"",""value_A1"":-3,""value_A2"":1}","{""msr"":""Green-Spotted"",""color"":""green"",""type"":""spotted"",""value_A1"":-4,""value_A2"":0}","绿色","-1"
"","survey-multi-choice","34","735496","0.0-23.0","","1791","","{""Q0"":""R""}","[0]","","","R","R","pass","","","","",""
"","survey-html-form","35","741384","0.0-24.0","","5886","","{""feature"":""绿色"",""value"":""-1""}","","","","","","","{""msr"":""Blue-Striped"",""color"":""blue"",""type"":""striped"",""value_A1"":-1,""value_A2"":3}","{""msr"":""Green-Solid"",""color"":""green"",""type"":""solid"",""value_A1"":-5,""value_A2"":-1}","{""msr"":""Green-Spotted"",""color"":""green"",""type"":""spotted"",""value_A1"":-4,""value_A2"":0}","绿色","-1"
"","survey-html-form","36","747664","0.0-25.0","","6278","","{""feature"":""蓝色"",""value"":""1""}","","","","","","","{""msr"":""Red-Striped"",""color"":""red"",""type"":""striped"",""value_A1"":1,""value_A2"":5}","{""msr"":""Blue-Striped"",""color"":""blue"",""type"":""striped"",""value_A1"":-1,""value_A2"":3}","{""msr"":""Blue-Spotted"",""color"":""blue"",""type"":""spotted"",""value_A1"":-2,""value_A2"":2}","蓝色","1"
"","survey-html-form","37","753728","0.0-26.0","","6062","","{""feature"":""红色"",""value"":""3""}","","","","","","","{""msr"":""Red-Spotted"",""color"":""red"",""type"":""spotted"",""value_A1"":0,""value_A2"":4}","{""msr"":""Green-Solid"",""color"":""green"",""type"":""solid"",""value_A1"":-5,""value_A2"":-1}","{""msr"":""Red-Solid"",""color"":""red"",""type"":""solid"",""value_A1"":-1,""value_A2"":3}","红色","3"
"","survey-html-form","38","762401","0.0-27.0","","8670","","{""feature"":""蓝色"",""value"":""1""}","","","","","","","{""msr"":""Blue-Solid"",""color"":""blue"",""type"":""solid"",""value_A1"":-3,""value_A2"":1}","{""msr"":""Red-Solid"",""color"":""red"",""type"":""solid"",""value_A1"":-1,""value_A2"":3}","{""msr"":""Green-Spotted"",""color"":""green"",""type"":""spotted"",""value_A1"":-4,""value_A2"":0}","蓝色","1"
"","survey-multi-choice","39","764160","0.0-28.0","","1759","","{""Q0"":""B""}","[0]","","","B","B","pass","","","","",""
"","survey-html-form","40","769416","0.0-29.0","","5254","","{""feature"":""绿色"",""value"":""-1""}","","","","","","","{""msr"":""Blue-Striped"",""color"":""blue"",""type"":""striped"",""value_A1"":-1,""value_A2"":3}","{""msr"":""Green-Striped"",""color"":""green"",""type"":""striped"",""value_A1"":-3,""value_A2"":1}","{""msr"":""Green-Spotted"",""color"":""green"",""type"":""spotted"",""value_A1"":-4,""value_A2"":0}","绿色","-1"
"","survey-multi-choice","41","771649","0.0-30.0","","2232","","{""Q0"":""T""}","[0]","","","T","T","pass","","","","",""
"","survey-html-form","42","790184","0.0-31.0","","18533","","{""feature"":""红色"",""value"":""3""}","","","","","","","{""msr"":""Red-Spotted"",""color"":""red"",""type"":""spotted"",""value_A1"":0,""value_A2"":4}","{""msr"":""Green-Striped"",""color"":""green"",""type"":""striped"",""value_A1"":-3,""value_A2"":1}","{""msr"":""Red-Solid"",""color"":""red"",""type"":""solid"",""value_A1"":-1,""value_A2"":3}","红色","3"
"","survey-html-form","43","795720","0.0-32.0","","5534","","{""feature"":""蓝色"",""value"":""1""}","","","","","","","{""msr"":""Blue-Striped"",""color"":""blue"",""type"":""striped"",""value_A1"":-1,""value_A2"":3}","{""msr"":""Blue-Spotted"",""color"":""blue"",""type"":""spotted"",""value_A1"":-2,""value_A2"":2}","{""msr"":""Green-Spotted"",""color"":""green"",""type"":""spotted"",""value_A1"":-4,""value_A2"":0}","蓝色","1"
"","survey-html-form","44","800376","0.0-33.0","","4654","","{""feature"":""红色"",""value"":""3""}","","","","","","","{""msr"":""Red-Spotted"",""color"":""red"",""type"":""spotted"",""value_A1"":0,""value_A2"":4}","{""msr"":""Blue-Striped"",""color"":""blue"",""type"":""striped"",""value_A1"":-1,""value_A2"":3}","{""msr"":""Red-Solid"",""color"":""red"",""type"":""solid"",""value_A1"":-1,""value_A2"":3}","红色","3"
"","survey-multi-choice","45","802465","0.0-34.0","","2088","","{""Q0"":""R""}","[0]","","","R","R","pass","","","","",""
"","survey-html-form","46","808672","0.0-35.0","","6206","","{""feature"":""红色"",""value"":""3""}","","","","","","","{""msr"":""Red-Striped"",""color"":""red"",""type"":""striped"",""value_A1"":1,""value_A2"":5}","{""msr"":""Red-Spotted"",""color"":""red"",""type"":""spotted"",""value_A1"":0,""value_A2"":4}","{""msr"":""Green-Solid"",""color"":""green"",""type"":""solid"",""value_A1"":-5,""value_A2"":-1}","红色","3"
"","survey-html-form","47","815144","0.0-36.0","","6470","","{""feature"":""蓝色"",""value"":""1""}","","","","","","","{""msr"":""Blue-Solid"",""color"":""blue"",""type"":""solid"",""value_A1"":-3,""value_A2"":1}","{""msr"":""Green-Solid"",""color"":""green"",""type"":""solid"",""value_A1"":-5,""value_A2"":-1}","{""msr"":""Blue-Spotted"",""color"":""blue"",""type"":""spotted"",""value_A1"":-2,""value_A2"":2}","蓝色","1"
"","survey-html-form","48","818857","0.0-37.0","","3710","","{""feature"":""蓝色"",""value"":""1""}","","","","","","","{""msr"":""Blue-Striped"",""color"":""blue"",""type"":""striped"",""value_A1"":-1,""value_A2"":3}","{""msr"":""Blue-Solid"",""color"":""blue"",""type"":""solid"",""value_A1"":-3,""value_A2"":1}","{""msr"":""Green-Striped"",""color"":""green"",""type"":""striped"",""value_A1"":-3,""value_A2"":1}","蓝色","1"
"","survey-html-form","49","824920","0.0-38.0","","6062","","{""feature"":""红色"",""value"":""3""}","","","","","","","{""msr"":""Red-Striped"",""color"":""red"",""type"":""striped"",""value_A1"":1,""value_A2"":5}","{""msr"":""Green-Solid"",""color"":""green"",""type"":""solid"",""value_A1"":-5,""value_A2"":-1}","{""msr"":""Red-Solid"",""color"":""red"",""type"":""solid"",""value_A1"":-1,""value_A2"":3}","红色","3"
"","survey-html-form","50","832600","0.0-39.0","","7677","","{""feature"":""蓝色"",""value"":""1""}","","","","","","","{""msr"":""Red-Spotted"",""color"":""red"",""type"":""spotted"",""value_A1"":0,""value_A2"":4}","{""msr"":""Blue-Solid"",""color"":""blue"",""type"":""solid"",""value_A1"":-3,""value_A2"":1}","{""msr"":""Green-Solid"",""color"":""green"",""type"":""solid"",""value_A1"":-5,""value_A2"":-1}","蓝色","1"
"","survey-html-form","51","843193","0.0-40.0","","10590","","{""feature"":""蓝色"",""value"":""1""}","","","","","","","{""msr"":""Red-Spotted"",""color"":""red"",""type"":""spotted"",""value_A1"":0,""value_A2"":4}","{""msr"":""Blue-Striped"",""color"":""blue"",""type"":""striped"",""value_A1"":-1,""value_A2"":3}","{""msr"":""Green-Striped"",""color"":""green"",""type"":""striped"",""value_A1"":-3,""value_A2"":1}","蓝色","1"
"","survey-html-form","52","850193","0.0-41.0","","6998","","{""feature"":""蓝色"",""value"":""1""}","","","","","","","{""msr"":""Blue-Spotted"",""color"":""blue"",""type"":""spotted"",""value_A1"":-2,""value_A2"":2}","{""msr"":""Green-Striped"",""color"":""green"",""type"":""striped"",""value_A1"":-3,""value_A2"":1}","{""msr"":""Red-Solid"",""color"":""red"",""type"":""solid"",""value_A1"":-1,""value_A2"":3}","蓝色","1"
"","html-button-response","53","853072","0.0-42.0","","2879","
    <div class=""break-container"">
        <p class=""break-message"">☕️您已完成了一部分实验，请耐心地休息一会儿。</p>
        <p class=""break-message"">当前进度1/3</p>
        <p class=""break-message"">准备好后，点击下方按钮继续。</p>
    </div>
    ","0","","","","","","","","","","",""
"","survey-html-form","54","860472","0.0-43.0","","7398","","{""feature"":""蓝色"",""value"":""1""}","","","","","","","{""msr"":""Red-Striped"",""color"":""red"",""type"":""striped"",""value_A1"":1,""value_A2"":5}","{""msr"":""Blue-Spotted"",""color"":""blue"",""type"":""spotted"",""value_A1"":-2,""value_A2"":2}","{""msr"":""Green-Striped"",""color"":""green"",""type"":""striped"",""value_A1"":-3,""value_A2"":1}","蓝色","1"
"","survey-html-form","55","865073","0.0-44.0","","4598","","{""feature"":""蓝色"",""value"":""1""}","","","","","","","{""msr"":""Blue-Striped"",""color"":""blue"",""type"":""striped"",""value_A1"":-1,""value_A2"":3}","{""msr"":""Green-Solid"",""color"":""green"",""type"":""solid"",""value_A1"":-5,""value_A2"":-1}","{""msr"":""Red-Solid"",""color"":""red"",""type"":""solid"",""value_A1"":-1,""value_A2"":3}","蓝色","1"
"","survey-multi-choice","56","867145","0.0-45.0","","2072","","{""Q0"":""C""}","[0]","","","C","C","pass","","","","",""
"","survey-html-form","57","874072","0.0-46.0","","6925","","{""feature"":""红色"",""value"":""3""}","","","","","","","{""msr"":""Red-Striped"",""color"":""red"",""type"":""striped"",""value_A1"":1,""value_A2"":5}","{""msr"":""Red-Spotted"",""color"":""red"",""type"":""spotted"",""value_A1"":0,""value_A2"":4}","{""msr"":""Blue-Spotted"",""color"":""blue"",""type"":""spotted"",""value_A1"":-2,""value_A2"":2}","红色","3"
"","survey-html-form","58","878161","0.0-47.0","","4086","","{""feature"":""蓝色"",""value"":""1""}","","","","","","","{""msr"":""Red-Spotted"",""color"":""red"",""type"":""spotted"",""value_A1"":0,""value_A2"":4}","{""msr"":""Green-Solid"",""color"":""green"",""type"":""solid"",""value_A1"":-5,""value_A2"":-1}","{""msr"":""Blue-Spotted"",""color"":""blue"",""type"":""spotted"",""value_A1"":-2,""value_A2"":2}","蓝色","1"
"","survey-html-form","59","883857","0.0-48.0","","5694","","{""feature"":""绿色"",""value"":""-1""}","","","","","","","{""msr"":""Green-Solid"",""color"":""green"",""type"":""solid"",""value_A1"":-5,""value_A2"":-1}","{""msr"":""Green-Striped"",""color"":""green"",""type"":""striped"",""value_A1"":-3,""value_A2"":1}","{""msr"":""Red-Solid"",""color"":""red"",""type"":""solid"",""value_A1"":-1,""value_A2"":3}","绿色","-1"
"","survey-multi-choice","60","886929","0.0-49.0","","3072","","{""Q0"":""V""}","[0]","","","V","V","pass","","","","",""
"","survey-html-form","61","891393","0.0-50.0","","4461","","{""feature"":""蓝色"",""value"":""1""}","","","","","","","{""msr"":""Red-Striped"",""color"":""red"",""type"":""striped"",""value_A1"":1,""value_A2"":5}","{""msr"":""Blue-Solid"",""color"":""blue"",""type"":""solid"",""value_A1"":-3,""value_A2"":1}","{""msr"":""Green-Spotted"",""color"":""green"",""type"":""spotted"",""value_A1"":-4,""value_A2"":0}","蓝色","1"
"","survey-html-form","62","896201","0.0-51.0","","4806","","{""feature"":""绿色"",""value"":""-1""}","","","","","","","{""msr"":""Green-Solid"",""color"":""green"",""type"":""solid"",""value_A1"":-5,""value_A2"":-1}","{""msr"":""Red-Solid"",""color"":""red"",""type"":""solid"",""value_A1"":-1,""value_A2"":3}","{""msr"":""Green-Spotted"",""color"":""green"",""type"":""spotted"",""value_A1"":-4,""value_A2"":0}","绿色","-1"
"","survey-html-form","63","906929","0.0-52.0","","10726","","{""feature"":""斑点"",""value"":""1""}","","","","","","","{""msr"":""Red-Spotted"",""color"":""red"",""type"":""spotted"",""value_A1"":0,""value_A2"":4}","{""msr"":""Blue-Spotted"",""color"":""blue"",""type"":""spotted"",""value_A1"":-2,""value_A2"":2}","{""msr"":""Green-Spotted"",""color"":""green"",""type"":""spotted"",""value_A1"":-4,""value_A2"":0}","斑点","1"
"","survey-html-form","64","913328","0.0-53.0","","6398","","{""feature"":""蓝色"",""value"":""1""}","","","","","","","{""msr"":""Green-Solid"",""color"":""green"",""type"":""solid"",""value_A1"":-5,""value_A2"":-1}","{""msr"":""Blue-Spotted"",""color"":""blue"",""type"":""spotted"",""value_A1"":-2,""value_A2"":2}","{""msr"":""Red-Solid"",""color"":""red"",""type"":""solid"",""value_A1"":-1,""value_A2"":3}","蓝色","1"
"","survey-multi-choice","65","915881","0.0-54.0","","2552","","{""Q0"":""X""}","[0]","","","X","X","pass","","","","",""
"","survey-html-form","66","920672","0.0-55.0","","4789","","{""feature"":""蓝色"",""value"":""1""}","","","","","","","{""msr"":""Red-Striped"",""color"":""red"",""type"":""striped"",""value_A1"":1,""value_A2"":5}","{""msr"":""Blue-Solid"",""color"":""blue"",""type"":""solid"",""value_A1"":-3,""value_A2"":1}","{""msr"":""Blue-Spotted"",""color"":""blue"",""type"":""spotted"",""value_A1"":-2,""value_A2"":2}","蓝色","1"
"","survey-html-form","67","925161","0.0-56.0","","4486","","{""feature"":""蓝色"",""value"":""1""}","","","","","","","{""msr"":""Blue-Striped"",""color"":""blue"",""type"":""striped"",""value_A1"":-1,""value_A2"":3}","{""msr"":""Green-Striped"",""color"":""green"",""type"":""striped"",""value_A1"":-3,""value_A2"":1}","{""msr"":""Red-Solid"",""color"":""red"",""type"":""solid"",""value_A1"":-1,""value_A2"":3}","蓝色","1"
"","survey-html-form","68","929809","0.0-57.0","","4646","","{""feature"":""蓝色"",""value"":""1""}","","","","","","","{""msr"":""Red-Striped"",""color"":""red"",""type"":""striped"",""value_A1"":1,""value_A2"":5}","{""msr"":""Blue-Solid"",""color"":""blue"",""type"":""solid"",""value_A1"":-3,""value_A2"":1}","{""msr"":""Green-Solid"",""color"":""green"",""type"":""solid"",""value_A1"":-5,""value_A2"":-1}","蓝色","1"
"","survey-html-form","69","936521","0.0-58.0","","6710","","{""feature"":""绿色"",""value"":""-1""}","","","","","","","{""msr"":""Red-Striped"",""color"":""red"",""type"":""striped"",""value_A1"":1,""value_A2"":5}","{""msr"":""Green-Striped"",""color"":""green"",""type"":""striped"",""value_A1"":-3,""value_A2"":1}","{""msr"":""Green-Spotted"",""color"":""green"",""type"":""spotted"",""value_A1"":-4,""value_A2"":0}","绿色","-1"
"","survey-html-form","70","941393","0.0-59.0","","4870","","{""feature"":""绿色"",""value"":""-1""}","","","","","","","{""msr"":""Blue-Spotted"",""color"":""blue"",""type"":""spotted"",""value_A1"":-2,""value_A2"":2}","{""msr"":""Green-Striped"",""color"":""green"",""type"":""striped"",""value_A1"":-3,""value_A2"":1}","{""msr"":""Green-Spotted"",""color"":""green"",""type"":""spotted"",""value_A1"":-4,""value_A2"":0}","绿色","-1"
"","survey-multi-choice","71","943577","0.0-60.0","","2184","","{""Q0"":""L""}","[0]","","","L","L","pass","","","","",""
"","survey-html-form","72","948249","0.0-61.0","","4670","","{""feature"":""蓝色"",""value"":""1""}","","","","","","","{""msr"":""Red-Spotted"",""color"":""red"",""type"":""spotted"",""value_A1"":0,""value_A2"":4}","{""msr"":""Blue-Striped"",""color"":""blue"",""type"":""striped"",""value_A1"":-1,""value_A2"":3}","{""msr"":""Green-Spotted"",""color"":""green"",""type"":""spotted"",""value_A1"":-4,""value_A2"":0}","蓝色","1"
"","survey-multi-choice","73","950233","0.0-62.0","","1984","","{""Q0"":""C""}","[0]","","","C","C","pass","","","","",""
"","survey-html-form","74","954705","0.0-63.0","","4469","","{""feature"":""蓝色"",""value"":""1""}","","","","","","","{""msr"":""Blue-Striped"",""color"":""blue"",""type"":""striped"",""value_A1"":-1,""value_A2"":3}","{""msr"":""Green-Solid"",""color"":""green"",""type"":""solid"",""value_A1"":-5,""value_A2"":-1}","{""msr"":""Blue-Spotted"",""color"":""blue"",""type"":""spotted"",""value_A1"":-2,""value_A2"":2}","蓝色","1"
"","survey-html-form","75","960960","0.0-64.0","","6254","","{""feature"":""红色"",""value"":""3""}","","","","","","","{""msr"":""Red-Spotted"",""color"":""red"",""type"":""spotted"",""value_A1"":0,""value_A2"":4}","{""msr"":""Blue-Spotted"",""color"":""blue"",""type"":""spotted"",""value_A1"":-2,""value_A2"":2}","{""msr"":""Red-Solid"",""color"":""red"",""type"":""solid"",""value_A1"":-1,""value_A2"":3}","红色","3"
"","survey-html-form","76","965481","0.0-65.0","","4518","","{""feature"":""蓝色"",""value"":""1""}","","","","","","","{""msr"":""Red-Spotted"",""color"":""red"",""type"":""spotted"",""value_A1"":0,""value_A2"":4}","{""msr"":""Blue-Striped"",""color"":""blue"",""type"":""striped"",""value_A1"":-1,""value_A2"":3}","{""msr"":""Green-Solid"",""color"":""green"",""type"":""solid"",""value_A1"":-5,""value_A2"":-1}","蓝色","1"
"","survey-html-form","77","973449","0.0-66.0","","7966","","{""feature"":""条纹"",""value"":""2""}","","","","","","","{""msr"":""Blue-Striped"",""color"":""blue"",""type"":""striped"",""value_A1"":-1,""value_A2"":3}","{""msr"":""Blue-Spotted"",""color"":""blue"",""type"":""spotted"",""value_A1"":-2,""value_A2"":2}","{""msr"":""Green-Striped"",""color"":""green"",""type"":""striped"",""value_A1"":-3,""value_A2"":1}","条纹","2"
"","survey-html-form","78","978281","0.0-67.0","","4830","","{""feature"":""条纹"",""value"":""2""}","","","","","","","{""msr"":""Red-Striped"",""color"":""red"",""type"":""striped"",""value_A1"":1,""value_A2"":5}","{""msr"":""Green-Striped"",""color"":""green"",""type"":""striped"",""value_A1"":-3,""value_A2"":1}","{""msr"":""Red-Solid"",""color"":""red"",""type"":""solid"",""value_A1"":-1,""value_A2"":3}","条纹","2"
"","survey-html-form","79","983889","0.0-68.0","","5606","","{""feature"":""红色"",""value"":""3""}","","","","","","","{""msr"":""Red-Striped"",""color"":""red"",""type"":""striped"",""value_A1"":1,""value_A2"":5}","{""msr"":""Red-Solid"",""color"":""red"",""type"":""solid"",""value_A1"":-1,""value_A2"":3}","{""msr"":""Green-Spotted"",""color"":""green"",""type"":""spotted"",""value_A1"":-4,""value_A2"":0}","红色","3"
"","survey-multi-choice","80","985793","0.0-69.0","","1904","","{""Q0"":""Y""}","[0]","","","Y","Y","pass","","","","",""
"","survey-html-form","81","991049","0.0-70.0","","5253","","{""feature"":""蓝色"",""value"":""1""}","","","","","","","{""msr"":""Red-Spotted"",""color"":""red"",""type"":""spotted"",""value_A1"":0,""value_A2"":4}","{""msr"":""Blue-Solid"",""color"":""blue"",""type"":""solid"",""value_A1"":-3,""value_A2"":1}","{""msr"":""Green-Striped"",""color"":""green"",""type"":""striped"",""value_A1"":-3,""value_A2"":1}","蓝色","1"
"","survey-html-form","82","996153","0.0-71.0","","5102","","{""feature"":""红色"",""value"":""3""}","","","","","","","{""msr"":""Red-Striped"",""color"":""red"",""type"":""striped"",""value_A1"":1,""value_A2"":5}","{""msr"":""Red-Spotted"",""color"":""red"",""type"":""spotted"",""value_A1"":0,""value_A2"":4}","{""msr"":""Green-Striped"",""color"":""green"",""type"":""striped"",""value_A1"":-3,""value_A2"":1}","红色","3"
"","survey-html-form","83","1001241","0.0-72.0","","5086","","{""feature"":""蓝色"",""value"":""1""}","","","","","","","{""msr"":""Red-Striped"",""color"":""red"",""type"":""striped"",""value_A1"":1,""value_A2"":5}","{""msr"":""Green-Solid"",""color"":""green"",""type"":""solid"",""value_A1"":-5,""value_A2"":-1}","{""msr"":""Blue-Spotted"",""color"":""blue"",""type"":""spotted"",""value_A1"":-2,""value_A2"":2}","蓝色","1"
"","survey-html-form","84","1005233","0.0-73.0","","3990","","{""feature"":""绿色"",""value"":""-1""}","","","","","","","{""msr"":""Blue-Solid"",""color"":""blue"",""type"":""solid"",""value_A1"":-3,""value_A2"":1}","{""msr"":""Green-Striped"",""color"":""green"",""type"":""striped"",""value_A1"":-3,""value_A2"":1}","{""msr"":""Green-Spotted"",""color"":""green"",""type"":""spotted"",""value_A1"":-4,""value_A2"":0}","绿色","-1"
"","survey-html-form","85","1009033","0.0-74.0","","3798","","{""feature"":""蓝色"",""value"":""1""}","","","","","","","{""msr"":""Red-Spotted"",""color"":""red"",""type"":""spotted"",""value_A1"":0,""value_A2"":4}","{""msr"":""Blue-Solid"",""color"":""blue"",""type"":""solid"",""value_A1"":-3,""value_A2"":1}","{""msr"":""Red-Solid"",""color"":""red"",""type"":""solid"",""value_A1"":-1,""value_A2"":3}","蓝色","1"
"","survey-multi-choice","86","1011121","0.0-75.0","","2088","","{""Q0"":""Z""}","[0]","","","Z","Z","pass","","","","",""
"","survey-html-form","87","1016377","0.0-76.0","","5253","","{""feature"":""蓝色"",""value"":""1""}","","","","","","","{""msr"":""Red-Striped"",""color"":""red"",""type"":""striped"",""value_A1"":1,""value_A2"":5}","{""msr"":""Blue-Solid"",""color"":""blue"",""type"":""solid"",""value_A1"":-3,""value_A2"":1}","{""msr"":""Green-Striped"",""color"":""green"",""type"":""striped"",""value_A1"":-3,""value_A2"":1}","蓝色","1"
"","survey-multi-choice","88","1018370","0.0-77.0","","1993","","{""Q0"":""T""}","[0]","","","T","T","pass","","","","",""
"","survey-html-form","89","1022385","0.0-78.0","","4013","","{""feature"":""蓝色"",""value"":""1""}","","","","","","","{""msr"":""Red-Spotted"",""color"":""red"",""type"":""spotted"",""value_A1"":0,""value_A2"":4}","{""msr"":""Blue-Spotted"",""color"":""blue"",""type"":""spotted"",""value_A1"":-2,""value_A2"":2}","{""msr"":""Green-Striped"",""color"":""green"",""type"":""striped"",""value_A1"":-3,""value_A2"":1}","蓝色","1"
"","html-button-response","90","1023425","0.0-79.0","","1039","
    <div class=""break-container"">
        <p class=""break-message"">☕️您已完成了一部分实验，请耐心地休息一会儿。</p>
        <p class=""break-message"">当前进度2/3</p>
        <p class=""break-message"">准备好后，点击下方按钮继续。</p>
    </div>
    ","0","","","","","","","","","","",""
"","survey-html-form","91","1027985","0.0-80.0","","4558","","{""feature"":""红色"",""value"":""3""}","","","","","","","{""msr"":""Red-Striped"",""color"":""red"",""type"":""striped"",""value_A1"":1,""value_A2"":5}","{""msr"":""Blue-Spotted"",""color"":""blue"",""type"":""spotted"",""value_A1"":-2,""value_A2"":2}","{""msr"":""Red-Solid"",""color"":""red"",""type"":""solid"",""value_A1"":-1,""value_A2"":3}","红色","3"
"","survey-html-form","92","1031857","0.0-81.0","","3870","","{""feature"":""绿色"",""value"":""-1""}","","","","","","","{""msr"":""Blue-Solid"",""color"":""blue"",""type"":""solid"",""value_A1"":-3,""value_A2"":1}","{""msr"":""Green-Solid"",""color"":""green"",""type"":""solid"",""value_A1"":-5,""value_A2"":-1}","{""msr"":""Green-Spotted"",""color"":""green"",""type"":""spotted"",""value_A1"":-4,""value_A2"":0}","绿色","-1"
"","survey-html-form","93","1035729","0.0-82.0","","3870","","{""feature"":""蓝色"",""value"":""1""}","","","","","","","{""msr"":""Blue-Striped"",""color"":""blue"",""type"":""striped"",""value_A1"":-1,""value_A2"":3}","{""msr"":""Red-Solid"",""color"":""red"",""type"":""solid"",""value_A1"":-1,""value_A2"":3}","{""msr"":""Green-Spotted"",""color"":""green"",""type"":""spotted"",""value_A1"":-4,""value_A2"":0}","蓝色","1"
"","survey-html-form","94","1040817","0.0-83.0","","5086","","{""feature"":""蓝色"",""value"":""1""}","","","","","","","{""msr"":""Red-Spotted"",""color"":""red"",""type"":""spotted"",""value_A1"":0,""value_A2"":4}","{""msr"":""Blue-Solid"",""color"":""blue"",""type"":""solid"",""value_A1"":-3,""value_A2"":1}","{""msr"":""Green-Spotted"",""color"":""green"",""type"":""spotted"",""value_A1"":-4,""value_A2"":0}","蓝色","1"
"","survey-html-form","95","1046937","0.0-84.0","","6118","","{""feature"":""绿色"",""value"":""-1""}","","","","","","","{""msr"":""Red-Spotted"",""color"":""red"",""type"":""spotted"",""value_A1"":0,""value_A2"":4}","{""msr"":""Green-Solid"",""color"":""green"",""type"":""solid"",""value_A1"":-5,""value_A2"":-1}","{""msr"":""Green-Striped"",""color"":""green"",""type"":""striped"",""value_A1"":-3,""value_A2"":1}","绿色","-1"
"","survey-html-form","96","1051601","0.0-85.0","","4662","","{""feature"":""蓝色"",""value"":""1""}","","","","","","","{""msr"":""Red-Striped"",""color"":""red"",""type"":""striped"",""value_A1"":1,""value_A2"":5}","{""msr"":""Blue-Striped"",""color"":""blue"",""type"":""striped"",""value_A1"":-1,""value_A2"":3}","{""msr"":""Blue-Solid"",""color"":""blue"",""type"":""solid"",""value_A1"":-3,""value_A2"":1}","蓝色","1"
"","survey-html-form","97","1058841","0.0-86.0","","7238","","{""feature"":""条纹"",""value"":""2""}","","","","","","","{""msr"":""Red-Striped"",""color"":""red"",""type"":""striped"",""value_A1"":1,""value_A2"":5}","{""msr"":""Blue-Striped"",""color"":""blue"",""type"":""striped"",""value_A1"":-1,""value_A2"":3}","{""msr"":""Green-Solid"",""color"":""green"",""type"":""solid"",""value_A1"":-5,""value_A2"":-1}","条纹","2"
"","survey-html-form","98","1062937","0.0-87.0","","4094","","{""feature"":""蓝色"",""value"":""1""}","","","","","","","{""msr"":""Blue-Striped"",""color"":""blue"",""type"":""striped"",""value_A1"":-1,""value_A2"":3}","{""msr"":""Blue-Spotted"",""color"":""blue"",""type"":""spotted"",""value_A1"":-2,""value_A2"":2}","{""msr"":""Red-Solid"",""color"":""red"",""type"":""solid"",""value_A1"":-1,""value_A2"":3}","蓝色","1"
"","survey-multi-choice","99","1064545","0.0-88.0","","1608","","{""Q0"":""D""}","[0]","","","D","D","pass","","","","",""
"","survey-html-form","100","1068905","0.0-89.0","","4357","","{""feature"":""蓝色"",""value"":""1""}","","","","","","","{""msr"":""Blue-Striped"",""color"":""blue"",""type"":""striped"",""value_A1"":-1,""value_A2"":3}","{""msr"":""Blue-Solid"",""color"":""blue"",""type"":""solid"",""value_A1"":-3,""value_A2"":1}","{""msr"":""Green-Solid"",""color"":""green"",""type"":""solid"",""value_A1"":-5,""value_A2"":-1}","蓝色","1"
"","survey-html-form","101","1075633","0.0-90.0","","6726","","{""feature"":""条纹"",""value"":""2""}","","","","","","","{""msr"":""Red-Striped"",""color"":""red"",""type"":""striped"",""value_A1"":1,""value_A2"":5}","{""msr"":""Green-Solid"",""color"":""green"",""type"":""solid"",""value_A1"":-5,""value_A2"":-1}","{""msr"":""Green-Striped"",""color"":""green"",""type"":""striped"",""value_A1"":-3,""value_A2"":1}","条纹","2"
"","survey-html-form","102","1079897","0.0-91.0","","4261","","{""feature"":""条纹"",""value"":""2""}","","","","","","","{""msr"":""Blue-Striped"",""color"":""blue"",""type"":""striped"",""value_A1"":-1,""value_A2"":3}","{""msr"":""Green-Solid"",""color"":""green"",""type"":""solid"",""value_A1"":-5,""value_A2"":-1}","{""msr"":""Green-Striped"",""color"":""green"",""type"":""striped"",""value_A1"":-3,""value_A2"":1}","条纹","2"
"","survey-html-form","103","1084497","0.0-92.0","","4598","","{""feature"":""红色"",""value"":""3""}","","","","","","","{""msr"":""Red-Striped"",""color"":""red"",""type"":""striped"",""value_A1"":1,""value_A2"":5}","{""msr"":""Red-Spotted"",""color"":""red"",""type"":""spotted"",""value_A1"":0,""value_A2"":4}","{""msr"":""Blue-Solid"",""color"":""blue"",""type"":""solid"",""value_A1"":-3,""value_A2"":1}","红色","3"
"","survey-html-form","104","1088385","0.0-93.0","","3886","","{""feature"":""红色"",""value"":""3""}","","","","","","","{""msr"":""Red-Striped"",""color"":""red"",""type"":""striped"",""value_A1"":1,""value_A2"":5}","{""msr"":""Blue-Solid"",""color"":""blue"",""type"":""solid"",""value_A1"":-3,""value_A2"":1}","{""msr"":""Red-Solid"",""color"":""red"",""type"":""solid"",""value_A1"":-1,""value_A2"":3}","红色","3"
"","survey-html-form","105","1093265","0.0-94.0","","4879","","{""feature"":""蓝色"",""value"":""1""}","","","","","","","{""msr"":""Red-Striped"",""color"":""red"",""type"":""striped"",""value_A1"":1,""value_A2"":5}","{""msr"":""Blue-Spotted"",""color"":""blue"",""type"":""spotted"",""value_A1"":-2,""value_A2"":2}","{""msr"":""Green-Spotted"",""color"":""green"",""type"":""spotted"",""value_A1"":-4,""value_A2"":0}","蓝色","1"
"","survey-multi-choice","106","1095114","0.0-95.0","","1848","","{""Q0"":""F""}","[0]","","","F","F","pass","","","","",""
"","survey-html-form","107","1099985","0.0-96.0","","4869","","{""feature"":""红色"",""value"":""3""}","","","","","","","{""msr"":""Red-Spotted"",""color"":""red"",""type"":""spotted"",""value_A1"":0,""value_A2"":4}","{""msr"":""Red-Solid"",""color"":""red"",""type"":""solid"",""value_A1"":-1,""value_A2"":3}","{""msr"":""Green-Spotted"",""color"":""green"",""type"":""spotted"",""value_A1"":-4,""value_A2"":0}","红色","3"
"","survey-html-form","108","1105001","0.0-97.0","","5014","","{""feature"":""蓝色"",""value"":""1""}","","","","","","","{""msr"":""Blue-Solid"",""color"":""blue"",""type"":""solid"",""value_A1"":-3,""value_A2"":1}","{""msr"":""Green-Solid"",""color"":""green"",""type"":""solid"",""value_A1"":-5,""value_A2"":-1}","{""msr"":""Red-Solid"",""color"":""red"",""type"":""solid"",""value_A1"":-1,""value_A2"":3}","蓝色","1"
"","survey-multi-choice","109","1106586","0.0-98.0","","1585","","{""Q0"":""N""}","[0]","","","N","N","pass","","","","",""
"","survey-html-form","110","1110553","0.0-99.0","","3965","","{""feature"":""蓝色"",""value"":""1""}","","","","","","","{""msr"":""Blue-Solid"",""color"":""blue"",""type"":""solid"",""value_A1"":-3,""value_A2"":1}","{""msr"":""Green-Striped"",""color"":""green"",""type"":""striped"",""value_A1"":-3,""value_A2"":1}","{""msr"":""Red-Solid"",""color"":""red"",""type"":""solid"",""value_A1"":-1,""value_A2"":3}","蓝色","1"
"","survey-multi-choice","111","1112730","0.0-100.0","","2176","","{""Q0"":""D""}","[0]","","","D","D","pass","","","","",""
"","survey-html-form","112","1118993","0.0-101.0","","6261","","{""feature"":""绿色"",""value"":""-1""}","","","","","","","{""msr"":""Blue-Solid"",""color"":""blue"",""type"":""solid"",""value_A1"":-3,""value_A2"":1}","{""msr"":""Green-Solid"",""color"":""green"",""type"":""solid"",""value_A1"":-5,""value_A2"":-1}","{""msr"":""Green-Striped"",""color"":""green"",""type"":""striped"",""value_A1"":-3,""value_A2"":1}","绿色","-1"
"","survey-multi-choice","113","1121059","0.0-102.0","","2065","","{""Q0"":""N""}","[0]","","","N","N","pass","","","","",""
"","survey-html-form","114","1124801","0.0-103.0","","3740","","{""feature"":""绿色"",""value"":""-1""}","","","","","","","{""msr"":""Red-Spotted"",""color"":""red"",""type"":""spotted"",""value_A1"":0,""value_A2"":4}","{""msr"":""Green-Solid"",""color"":""green"",""type"":""solid"",""value_A1"":-5,""value_A2"":-1}","{""msr"":""Green-Spotted"",""color"":""green"",""type"":""spotted"",""value_A1"":-4,""value_A2"":0}","绿色","-1"
"","survey-html-form","115","1129105","0.0-104.0","","4301","","{""feature"":""绿色"",""value"":""-1""}","","","","","","","{""msr"":""Green-Solid"",""color"":""green"",""type"":""solid"",""value_A1"":-5,""value_A2"":-1}","{""msr"":""Blue-Spotted"",""color"":""blue"",""type"":""spotted"",""value_A1"":-2,""value_A2"":2}","{""msr"":""Green-Striped"",""color"":""green"",""type"":""striped"",""value_A1"":-3,""value_A2"":1}","绿色","-1"
"","survey-html-form","116","1133289","0.0-105.0","","4182","","{""feature"":""红色"",""value"":""3""}","","","","","","","{""msr"":""Red-Striped"",""color"":""red"",""type"":""striped"",""value_A1"":1,""value_A2"":5}","{""msr"":""Red-Spotted"",""color"":""red"",""type"":""spotted"",""value_A1"":0,""value_A2"":4}","{""msr"":""Red-Solid"",""color"":""red"",""type"":""solid"",""value_A1"":-1,""value_A2"":3}","红色","3"
"","survey-html-form","117","1138521","0.0-106.0","","5231","","{""feature"":""条纹"",""value"":""2""}","","","","","","","{""msr"":""Red-Striped"",""color"":""red"",""type"":""striped"",""value_A1"":1,""value_A2"":5}","{""msr"":""Blue-Striped"",""color"":""blue"",""type"":""striped"",""value_A1"":-1,""value_A2"":3}","{""msr"":""Green-Spotted"",""color"":""green"",""type"":""spotted"",""value_A1"":-4,""value_A2"":0}","条纹","2"
"","survey-html-form","118","1143601","0.0-107.0","","5078","","{""feature"":""蓝色"",""value"":""1""}","","","","","","","{""msr"":""Blue-Striped"",""color"":""blue"",""type"":""striped"",""value_A1"":-1,""value_A2"":3}","{""msr"":""Blue-Solid"",""color"":""blue"",""type"":""solid"",""value_A1"":-3,""value_A2"":1}","{""msr"":""Red-Solid"",""color"":""red"",""type"":""solid"",""value_A1"":-1,""value_A2"":3}","蓝色","1"
"","survey-multi-choice","119","1145370","0.0-108.0","","1768","","{""Q0"":""Y""}","[0]","","","Y","Y","pass","","","","",""
"","survey-html-form","120","1149369","0.0-109.0","","3997","","{""feature"":""蓝色"",""value"":""1""}","","","","","","","{""msr"":""Blue-Solid"",""color"":""blue"",""type"":""solid"",""value_A1"":-3,""value_A2"":1}","{""msr"":""Blue-Spotted"",""color"":""blue"",""type"":""spotted"",""value_A1"":-2,""value_A2"":2}","{""msr"":""Green-Striped"",""color"":""green"",""type"":""striped"",""value_A1"":-3,""value_A2"":1}","蓝色","1"
"","survey-html-form","121","1153553","0.0-110.0","","4182","","{""feature"":""蓝色"",""value"":""1""}","","","","","","","{""msr"":""Blue-Spotted"",""color"":""blue"",""type"":""spotted"",""value_A1"":-2,""value_A2"":2}","{""msr"":""Red-Solid"",""color"":""red"",""type"":""solid"",""value_A1"":-1,""value_A2"":3}","{""msr"":""Green-Spotted"",""color"":""green"",""type"":""spotted"",""value_A1"":-4,""value_A2"":0}","蓝色","1"
"","survey-html-form","122","1160889","0.0-111.0","","7335","","{""feature"":""斑点"",""value"":""1""}","","","","","","","{""msr"":""Red-Spotted"",""color"":""red"",""type"":""spotted"",""value_A1"":0,""value_A2"":4}","{""msr"":""Blue-Striped"",""color"":""blue"",""type"":""striped"",""value_A1"":-1,""value_A2"":3}","{""msr"":""Blue-Spotted"",""color"":""blue"",""type"":""spotted"",""value_A1"":-2,""value_A2"":2}","斑点","1"
"","survey-multi-choice","123","1162690","0.0-112.0","","1800","","{""Q0"":""Y""}","[0]","","","Y","Y","pass","","","","",""
"","survey-html-form","124","1168129","0.0-113.0","","5437","","{""feature"":""绿色"",""value"":""-1""}","","","","","","","{""msr"":""Green-Solid"",""color"":""green"",""type"":""solid"",""value_A1"":-5,""value_A2"":-1}","{""msr"":""Blue-Spotted"",""color"":""blue"",""type"":""spotted"",""value_A1"":-2,""value_A2"":2}","{""msr"":""Green-Spotted"",""color"":""green"",""type"":""spotted"",""value_A1"":-4,""value_A2"":0}","绿色","-1"
"","survey-multi-choice","125","1172098","0.0-114.0","","3968","","{""Q0"":""U""}","[0]","","","U","U","pass","","","","",""
"","survey-html-form","126","1177049","0.0-115.0","","4949","","{""feature"":""条纹"",""value"":""2""}","","","","","","","{""msr"":""Red-Striped"",""color"":""red"",""type"":""striped"",""value_A1"":1,""value_A2"":5}","{""msr"":""Blue-Striped"",""color"":""blue"",""type"":""striped"",""value_A1"":-1,""value_A2"":3}","{""msr"":""Red-Solid"",""color"":""red"",""type"":""solid"",""value_A1"":-1,""value_A2"":3}","条纹","2"
"true","fullscreen","127","1178051","0.0-116.0","","","","","","","","","","","","","","",""
"","html-button-response","128","1179777","0.0-117.0","","1725","
      <p style=""margin-bottom: 15px;font-size: 1.4em;line-height:2"">
      实验已完成，辛苦了☕
        <br>
        非常感谢您在百忙之中抽出时间参与我们的心理学实验。
        <br>
        您的参与对于我们的研究具有不可估量的价值。
        <br>
        通过您在实验中的表现，我们获得了珍贵的数据，这些数据将为心理学的发展添砖加瓦。
        <br>
        如果您对实验有任何疑问或者建议，随时与我们交流，您的反馈对我们至关重要。
        <br>
        再次向您表示最诚挚的感谢！愿您的生活充满阳光，幸福安康 :)
      </p>","0","","","","","","","","","","",""
